   2.2171364e+00   1.7550103e-01  -2.5782609e+00  -1.8216679e+00  -4.8734395e-01  -8.0824893e-01  -1.1832267e+00   3.7892564e+00  -9.9664312e-02  -1.0895180e+00   5.4848256e-01  -1.1221917e+00   1.8033482e-01  -1.5396402e+00   8.8723482e-01   2.9524418e+00
   3.2902170e-01  -1.3814272e+00   2.6020383e+00   5.6598874e-02  -1.4992380e+00   9.9466481e-01  -6.8809395e-01  -1.4303516e+00   7.1261349e-01  -5.0275158e-01   8.7391262e-01   8.6724250e-01  -2.9642227e+00   9.1496446e-01   5.0779028e-01  -1.0084586e+00
  -1.0559627e-01  -1.6732746e-01   1.3215022e-01  -4.6592999e-01  -1.0520072e+00   1.3355806e+00  -1.9001194e+00   6.1084413e-01   8.8242412e-01   1.0498996e+00   9.6214477e-01   2.5745102e-01  -2.2929281e+00   8.3071131e-01   2.0447475e+00  -6.1017793e-01
  -1.4014293e+00   1.5693087e+00  -2.2535053e+00   4.6473606e-01   2.2155600e+00  -7.9243696e-01   1.2210775e+00   1.4670384e-01  -7.6738552e-01   1.3208933e+00  -9.9774730e-01  -7.6765553e-01   3.2745548e+00  -2.5659871e-01  -8.2518799e-01  -2.1671567e-01
  -3.4740403e+00   1.8525066e+00  -3.7317325e+00  -3.4432491e-01   6.2323165e+00  -1.3962717e+00   3.1463534e+00  -2.1985761e+00  -1.3876229e+00   3.6291161e+00   2.9198208e-01  -2.6465476e+00   4.3175682e+00   1.5235189e+00  -2.1166737e+00  -2.9791722e+00
  -9.9879045e-01   1.7755879e-01   2.2404532e+00   1.7482214e+00  -2.5796142e+00   2.0836380e+00  -1.8375143e+00  -6.3859579e-01   1.0837485e+00   8.6521340e-01  -8.1190672e-01   2.1540553e+00  -1.7858366e+00   6.8225832e-01   1.9407610e+00  -1.0825451e+00
  -7.3493834e-01  -6.6836210e-01   1.5856624e+00   5.4944806e-01   1.1778699e+00  -4.9998720e-01   1.9223495e+00  -2.7986590e+00  -4.4458633e-01  -3.0698077e-01   2.5973411e-03   1.1398702e-02   3.2337854e-01   6.8740552e-01  -1.9148193e+00  -1.4842397e+00
  -3.1009044e+00   8.9306923e-01  -8.5737918e-02   1.1961815e+00   3.0257194e+00  -4.4640698e-02   2.1036767e+00  -3.3214870e+00  -5.5047007e-01   2.4281321e+00  -4.3039355e-01  -3.4816693e-01   2.0292762e+00   1.6043251e+00  -1.4289383e+00  -3.1923424e+00
  -2.2202374e+00  -8.3463537e-02  -7.3035036e-01  -4.3054217e-01   5.1294523e+00  -1.6053946e+00   3.8750155e+00  -4.0145370e+00  -1.3036677e+00   1.4658808e+00   9.1043137e-01  -2.0744771e+00   2.2569910e+00   1.6666317e+00  -3.3474117e+00  -3.0984043e+00
  -2.5528004e+00   1.6639846e+00  -3.0660112e+00  -1.2298376e-01   4.3140496e+00  -9.1646875e-01   1.9816698e+00  -1.0692499e+00  -9.6475149e-01   2.7818847e+00  -5.2641702e-02  -1.8151755e+00   3.4174126e+00   9.0042221e-01  -1.2088568e+00  -1.8757465e+00
   9.1006230e-01   1.2288365e+00  -3.4032566e+00  -6.9221827e-01   1.7834110e+00  -2.1525372e+00   1.3582801e+00   2.4727121e+00  -1.2442260e+00  -8.7429540e-01  -9.9323416e-01  -1.4913513e+00   3.9724139e+00  -2.0010551e+00  -1.4606434e+00   2.6046966e+00
  -1.8207968e+00  -3.7694991e-02  -2.5305911e-01   1.6552045e-01   4.5450819e+00  -1.9556047e+00   4.2577374e+00  -3.8887676e+00  -1.5174174e+00   5.1188844e-01   4.7893136e-02  -1.5822553e+00   3.0425044e+00   9.1979932e-01  -3.9312499e+00  -2.2948688e+00
  -1.2204069e+00   4.7993558e-01   1.8535319e+00   2.2674821e+00  -7.3584205e-01   3.8901180e-01   7.4614413e-01  -1.7104612e+00  -8.1061238e-02  -4.3294044e-02  -1.8708775e+00   1.6105277e+00   1.2340572e+00  -8.8821744e-02  -7.1852088e-01  -7.3920514e-01
   5.2363875e-01   4.0359614e-01  -1.0925285e+00  -2.0544380e-01   2.4975291e-01  -6.8413018e-01   2.5553686e-01   1.1274868e+00  -3.6503309e-01  -4.9794577e-01  -4.3156209e-01  -3.6883050e-01   1.2544404e+00  -8.5604168e-01  -3.4695689e-01   1.1744783e+00
   2.9707133e+00  -1.0703680e-01   9.2144368e-01   9.0191353e-01  -3.7860087e+00  -6.5581964e-01  -8.4710453e-01   3.0813619e+00  -8.0572010e-02  -3.7794907e+00  -2.1930064e+00   1.6544495e+00   8.7131174e-01  -3.1270793e+00  -6.6632874e-02   4.3947650e+00
  -1.2108231e+00   9.7620597e-01  -7.1273535e-01   6.3286771e-01   2.5781530e-01   5.9534420e-01  -4.5836837e-01   1.2560748e-01   1.5463095e-01   1.4638641e+00  -5.1360389e-01   2.3969169e-01   7.0242536e-01   3.4062315e-01   7.8981552e-01  -6.7521587e-01
   8.2532089e-01  -1.7188318e-01  -2.3381452e+00  -2.0839806e+00   1.8811665e+00  -1.0762433e+00   3.8479745e-01   1.1977192e+00  -4.3487269e-01   6.7340718e-02   1.4853945e+00  -2.0009967e+00   2.2272957e-01  -6.6826879e-02  -3.4484304e-01   6.2296057e-01
   2.8569813e-01   2.9221862e-02  -2.9533339e-01  -4.3068475e-01  -1.0366127e+00   8.5144631e-01  -1.6110208e+00   1.1888902e+00   6.1646761e-01   5.0596506e-01   5.2376268e-01   1.7273873e-01  -1.4196848e+00   1.8819131e-01   1.6496596e+00   2.0802889e-01
   7.6750536e-01   3.9350140e-01  -7.8044990e-01   8.5714887e-02  -2.0956984e-01  -7.5863502e-01   2.8946323e-01   1.2582874e+00  -3.9988057e-01  -9.7404880e-01  -8.2714515e-01  -5.5308116e-02   1.4588437e+00  -1.2111722e+00  -4.8974001e-01   1.5907939e+00
   1.8096250e+00  -4.0119786e-01  -1.4349107e+00  -1.2424127e+00   1.5853926e+00  -2.4532636e+00   2.1078080e+00   8.8512172e-01  -1.2421402e+00  -2.2780190e+00   1.8630218e-02  -1.5498354e+00   2.2030297e+00  -1.5801532e+00  -2.5284050e+00   2.1825170e+00
  -9.7448060e-01  -5.1148514e-01   1.7370828e+00   4.1683842e-01  -7.7360654e-01   1.4894404e+00  -9.4813519e-01  -1.5518143e+00   8.1101356e-01   1.1347303e+00   6.9416327e-01   7.9584243e-01  -2.3576642e+00   1.4905316e+00   1.1476979e+00  -1.9722834e+00
   1.7166414e+00   3.0208376e-01  -6.5421573e-01  -1.6006399e-01  -2.3882759e+00   2.1722616e-01  -1.8412450e+00   3.1379756e+00   3.7649577e-01  -1.2054504e+00  -6.4662012e-01   6.2338815e-01  -2.6625105e-01  -1.5636389e+00   1.4815183e+00   2.6447098e+00
   2.7652275e-01   9.2046483e-01   1.8247559e-01   1.3628887e+00  -2.3829013e+00   7.0989054e-01  -1.4314736e+00   1.8017462e+00   3.8066781e-01  -3.9385044e-01  -1.7566909e+00   1.5356844e+00   6.4270875e-01  -1.1999735e+00   1.2848715e+00   1.5319637e+00
   1.1602243e+00  -1.5283011e+00  -5.4780401e-01  -2.3788590e+00   2.2832581e+00  -1.4620496e+00   1.5630376e+00  -8.6195519e-01  -5.8768554e-01  -9.0653390e-01   2.2980870e+00  -2.1439947e+00  -9.2618609e-01   5.3256348e-01  -1.7166946e+00  -2.5219902e-01
  -1.3633532e+00   6.1467035e-01  -1.4346927e+00  -1.6234704e-01   3.0129872e+00  -9.9932307e-01   1.9611130e+00  -1.3304228e+00  -8.3112993e-01   1.1499914e+00   7.8651461e-02  -1.2781923e+00   2.1963443e+00   5.3812367e-01  -1.5862257e+00  -1.2242774e+00
  -9.4027092e-01  -1.9096876e+00   2.3878743e+00  -8.6230494e-01   1.3518176e+00   6.4321779e-01   8.2034901e-01  -3.9040952e+00   3.8940243e-01   8.7422534e-01   2.4774403e+00  -5.5041949e-01  -3.3380473e+00   2.6525955e+00  -6.1836334e-01  -3.4941281e+00
   7.7605040e-01  -7.1950145e-01   2.2336365e+00   5.2732295e-01  -3.4246235e+00   1.7555787e+00  -2.4333128e+00   6.1604975e-01   1.2163955e+00  -5.2084861e-01   7.4539890e-02   1.7579551e+00  -3.1350243e+00   1.3255996e-01   2.1751154e+00   2.8207482e-01
   3.8627475e+00  -2.5826365e+00   2.4780484e+00  -1.4817562e+00  -3.3790576e+00  -1.4660169e-01  -1.2817226e+00   1.3734665e+00   5.8762138e-01  -3.8646274e+00   1.3054568e+00   5.2714138e-01  -3.8748681e+00  -1.1014062e+00   2.8232068e-01   2.5688271e+00
   1.5159555e+00  -2.9898700e-01  -7.3892140e-01  -1.2494893e+00  -1.7340802e+00   6.7341126e-01  -2.2946937e+00   2.6017777e+00   7.3178756e-01  -3.0303366e-01   9.5883019e-01  -9.0654823e-02  -2.0845273e+00  -3.8153809e-01   2.1105723e+00   1.4411149e+00
  -1.1741255e-01   1.0729982e+00  -2.8987764e+00  -8.4976766e-01   1.5580689e+00  -7.1365549e-01   7.8497273e-02   1.7364041e+00  -4.4138893e-01   8.6681937e-01   6.3382784e-02  -1.2860650e+00   1.8115770e+00  -4.6889771e-01   1.5162982e-01   7.6947036e-01
  -8.2112367e-01   2.8947859e+00  -3.9438555e+00   7.2346072e-01   1.8564743e-01  -6.5731576e-03  -1.1992641e+00   3.6872041e+00  -2.2972133e-01   1.6720144e+00  -2.0146020e+00  -7.9810163e-02   3.6882112e+00  -1.4930889e+00   1.5841329e+00   1.8542491e+00
   8.8019904e-01   1.4575479e+00  -2.7016929e+00  -2.3064023e-01  -9.9165101e-01  -1.0371737e-01  -1.6046532e+00   3.8833688e+00   3.5531432e-02   1.8627146e-02  -9.8639664e-01  -8.6801185e-02   1.5480137e+00  -1.6631669e+00   1.5630401e+00   2.6220529e+00
  -1.6589969e+00   1.1744075e+00  -2.0082382e+00   1.7044154e-01   3.1897839e+00  -1.0997154e+00   2.0379643e+00  -9.6396189e-01  -9.7122941e-01   1.4101763e+00  -4.7050860e-01  -1.2321472e+00   3.1607244e+00   2.5510278e-01  -1.5886819e+00  -9.9710463e-01
   1.4036328e+00  -5.2266654e-01  -3.4112353e-01  -1.5545865e+00  -2.8782707e+00   1.9909958e+00  -4.0700767e+00   3.0118853e+00   1.5918931e+00   6.0140078e-01   1.7946694e+00   3.0149729e-01  -4.3360666e+00   4.1766709e-01   4.0014769e+00   8.0882256e-01
   2.2270682e-01   1.4708847e-01  -2.4553252e+00  -1.7990645e+00   2.0671493e+00  -7.9332531e-01   2.8437501e-01   9.6769632e-01  -3.6074429e-01   7.2762706e-01   1.3498353e+00  -1.8930646e+00   3.9084504e-01   2.2082942e-01  -9.2361671e-02   1.1809662e-01
  -1.0310742e+00  -7.3981034e-01   2.0168235e+00   5.5128316e-01   2.6688533e-01   6.0115267e-01   5.9073553e-01  -2.6563082e+00   2.2661744e-01   5.1005619e-01   4.6804661e-01   4.6541643e-01  -1.2798176e+00   1.3470271e+00  -4.6368810e-01  -2.1208522e+00
   9.3574162e-01  -1.0992912e+00   2.7974003e+00   7.1857532e-01  -2.5964061e+00   7.8493726e-01  -8.0694118e-01  -5.3865790e-01   6.0764337e-01  -1.5037309e+00  -2.3082772e-01   1.5411571e+00  -2.1089992e+00  -1.5159528e-01   3.9490819e-01   3.1550582e-01
   3.7744494e-01  -1.4471679e+00   2.8260648e+00   2.0781941e-01  -1.4614783e+00   8.1351778e-01  -3.6327813e-01  -1.6677241e+00   5.9345922e-01  -7.8291523e-01   6.9449117e-01   9.3368818e-01  -2.7134936e+00   7.9295857e-01   1.3276944e-01  -9.4221966e-01
  -8.5026259e-01   3.5392531e-01   5.5615101e-01   9.6356946e-01   7.0110020e-02   1.9180474e-01   4.1530536e-01  -9.0208267e-01  -6.5578838e-02   3.7564734e-01  -7.3917033e-01   5.4527444e-01   6.9589092e-01   1.6271238e-01  -3.0513002e-01  -6.3839098e-01
  -2.4190665e+00  -1.7497340e+00   2.9042807e+00   3.6924494e-01   4.9058506e+00  -1.5862508e+00   5.4412511e+00  -7.6589350e+00  -1.3360505e+00   2.6651162e-01   1.1653965e+00  -1.2369988e+00   7.8546351e-01   2.6001352e+00  -5.1514898e+00  -4.8113791e+00
   1.5564925e-01   9.7770398e-01  -1.0884016e+00   4.1390486e-01  -9.1784214e-01   2.3785518e-01  -1.0145443e+00   1.9116460e+00   1.2406491e-01   1.7147387e-01  -9.5212357e-01   4.1657432e-01   9.3235205e-01  -8.7861299e-01   1.0235508e+00   1.2458241e+00
  -4.7536416e+00   1.9295831e+00   6.6083591e-01   2.8897716e+00   1.4003761e+00   1.9082039e+00   3.0826202e-01  -3.3827289e+00   3.4509307e-01   4.2913280e+00  -1.4497427e+00   1.3181848e+00   1.4422567e+00   2.2763398e+00   7.1974171e-01  -4.3522447e+00
   3.3153812e-01   1.2041429e+00  -2.8567397e+00  -8.2799563e-01  -9.9190208e-02   1.6930021e-01  -1.6190985e+00   3.1311411e+00   1.8406359e-01   9.6772243e-01   3.3685988e-02  -6.5278114e-01   6.5893085e-01  -6.7354279e-01   1.7910867e+00   1.4154419e+00
  -2.3179893e+00   1.8103432e+00  -1.0802741e+00   1.8609656e+00   2.2456894e+00  -7.7565501e-01   2.1637854e+00  -1.3714062e+00  -9.8200142e-01   1.3020715e+00  -2.1145939e+00   5.0966186e-02   4.3106025e+00  -2.0256763e-01  -1.7263757e+00  -9.2743113e-01
  -2.3174947e-01  -5.6439013e-01   7.2130981e-01  -5.0496954e-02   1.0704276e+00  -5.6610268e-01   1.3755948e+00  -1.6591060e+00  -3.8018002e-01  -3.2811289e-01   3.0430556e-01  -3.5322386e-01   1.7913683e-01   4.1315650e-01  -1.3949759e+00  -8.1383100e-01
  -3.2634778e+00  -3.0731942e-01   1.4670692e-02  -6.2384482e-01   4.2434602e+00   4.4010621e-01   1.7616802e+00  -4.5010682e+00  -1.0795924e-01   3.5331297e+00   2.2160306e+00  -1.5879843e+00  -8.5540732e-01   3.4676178e+00  -8.6955544e-01  -5.1138525e+00
   2.8644883e-01   1.8053571e+00  -2.3451999e+00   7.6190573e-01  -2.6988748e-01  -7.6386828e-01  -1.2547121e-01   2.7841680e+00  -5.4637564e-01  -3.1511149e-01  -2.0913657e+00   1.5245509e-01   3.4271379e+00  -2.0074363e+00   8.4033750e-02   2.4623376e+00
  -4.8204680e-01   1.5775503e+00  -4.2177312e-01   1.8182014e+00  -1.6412869e+00   5.4819480e-01  -9.5439659e-01   1.6016399e+00   1.2782986e-01   2.2204786e-01  -2.3106067e+00   1.4579327e+00   1.9203490e+00  -1.2135155e+00   9.8508280e-01   1.2408827e+00
  -2.8134383e-01  -1.3841646e-01   5.8684814e-01   5.3480906e-01   9.7280647e-01  -8.6256571e-01   1.7361683e+00  -1.4367351e+00  -6.2777271e-01  -6.4386942e-01  -5.6765108e-01  -7.2388091e-02   1.3636167e+00  -1.6828489e-01  -1.8030890e+00  -2.8124051e-01
   1.2743994e+00  -2.9926263e-01  -2.1884830e-01  -2.3754251e-01   3.5564786e-01  -1.5123426e+00   1.3962492e+00   4.1269204e-01  -7.7944228e-01  -1.9519819e+00  -5.3532315e-01  -4.2714909e-01   1.5356714e+00  -1.3045272e+00  -1.7796525e+00   1.6498916e+00
  -1.6260857e-01  -2.9721504e+00   5.5557573e+00   4.7344344e-01  -4.4663466e-01   5.0677961e-01   1.6479619e+00  -5.4713471e+00   3.3845786e-01  -1.3898883e+00   1.4336526e+00   9.8663624e-01  -3.7805319e+00   2.0556011e+00  -1.9530929e+00  -3.0863407e+00
  -1.8527446e+00  -9.4993568e-02   4.5103341e-01   2.1809566e-01   2.1970485e+00   3.6031811e-02   1.4455861e+00  -2.8274429e+00  -2.4027340e-01   1.5257304e+00   5.9840819e-01  -5.2520064e-01   1.8301585e-01   1.6034965e+00  -1.0277558e+00  -2.6540521e+00
  -3.3941569e+00  -1.3279968e+00   3.9495550e+00   1.5485178e+00   3.4238955e+00  -9.5786972e-02   4.0851144e+00  -7.9142690e+00  -5.9775830e-01   1.3222632e+00   5.9149687e-01   9.9340615e-02  -1.6510948e-01   3.1532425e+00  -3.6166408e+00  -5.6825442e+00
  -4.4873144e+00   1.5646467e+00  -5.7528763e-01   1.7172257e+00   4.3097054e+00  -2.1800871e-02   2.7844164e+00  -4.2852480e+00  -7.7412886e-01   3.6808218e+00  -7.5195805e-01  -5.2900001e-01   3.1725469e+00   2.1624061e+00  -1.7764723e+00  -4.3626612e+00
   2.8645550e+00  -3.7534179e-01  -1.3361689e-01  -6.9550420e-01  -3.4862609e+00   3.0901886e-01  -2.5144222e+00   3.8383005e+00   6.4290705e-01  -2.1704053e+00  -1.7974800e-01   7.5516428e-01  -1.5554233e+00  -1.8660034e+00   1.8876784e+00   3.4540767e+00
   2.0437555e+00  -4.3456453e-01  -1.6021506e+00  -2.1447402e+00  -1.3309846e+00   3.6923181e-01  -2.4423873e+00   3.3441942e+00   6.7173560e-01  -3.8104818e-01   1.6063629e+00  -7.9189403e-01  -2.3039037e+00  -4.7055778e-01   2.2340632e+00   1.8709415e+00
   3.1109694e+00  -1.0120069e+00  -5.4117946e-01  -1.6307419e+00  -1.2188627e+00  -1.1913703e+00  -3.7600024e-01   2.5704745e+00  -2.1234100e-01  -2.8391266e+00   5.7003216e-01  -6.4005015e-01  -6.1996974e-01  -1.7471047e+00  -3.0799019e-01   3.1504517e+00
   5.5244403e+00  -1.2873769e+00   1.0936222e+00  -6.4219649e-01  -5.7324018e+00  -6.6309723e-01  -2.3868942e+00   5.2677019e+00   3.9277157e-01  -5.6252329e+00  -1.0565076e+00   1.4917604e+00  -1.5034026e+00  -3.9317596e+00   9.5482851e-01   6.4557742e+00
  -3.2313306e-01   9.6028997e-01  -1.7779218e+00  -1.2037309e-01   7.2429337e-01  -2.6414976e-01  -1.0036642e-01   1.1679577e+00  -2.2713762e-01   7.1943128e-01  -3.7159985e-01  -4.9282841e-01   1.4272152e+00  -3.8135657e-01   2.8210949e-01   4.8964544e-01
  -1.2869607e+00  -2.4124347e+00   2.2503202e+00  -1.6463932e+00   2.9329206e+00   2.6043712e-01   1.7251347e+00  -5.1371753e+00   1.6094460e-01   1.3006102e+00   3.5555711e+00  -1.4997023e+00  -3.6905519e+00   3.4978856e+00  -1.3884385e+00  -4.6170982e+00
   1.3961756e+00  -1.7009436e+00   2.4396589e+00   4.4608916e-02  -6.5347919e-02  -1.3528947e+00   2.1632404e+00  -1.9704205e+00  -6.4830843e-01  -2.8742791e+00  -1.8409239e-02   1.2831501e-01  -1.3104285e-01  -5.5960644e-01  -2.7524046e+00   4.9947221e-01
   1.8575628e+00  -2.5445524e-01   1.1582545e+00   6.0287218e-01  -3.3635271e+00   4.2361735e-01  -1.5950676e+00   2.0881740e+00   4.8852676e-01  -2.0441585e+00  -1.0698433e+00   1.5180952e+00  -8.2786839e-01  -1.5806477e+00   1.0396560e+00   2.4608052e+00
  -3.3187946e+00  -2.6663627e-01   3.4349757e+00   2.2823550e+00   8.2595624e-01   1.4284253e+00   1.3079359e+00  -5.3246334e+00   3.2074711e-01   2.0600448e+00  -3.2677549e-01   1.4068554e+00  -7.9934226e-01   2.5671815e+00  -7.8764987e-01  -4.5636400e+00
  -2.9749252e+00  -1.5419832e-01   1.9947708e+00   1.0888238e+00   1.0110759e+00   1.6892846e+00   1.9862832e-01  -3.8959304e+00   6.1502462e-01   2.7842732e+00   7.0114445e-01   6.2982745e-01  -1.6649063e+00   2.7853228e+00   4.4038827e-01  -4.3016282e+00
  -7.9836384e-01  -8.7101158e-01   3.4134999e-01  -1.2254817e+00   1.0612848e+00   8.8402455e-01  -4.9114572e-01  -1.5174864e+00   5.6561939e-01   1.6423397e+00   2.2505831e+00  -8.1891361e-01  -2.7160720e+00   2.0784797e+00   8.2887615e-01  -2.4017665e+00
  -2.6496642e+00   7.9031891e-01  -2.8994712e-01   8.2780729e-01   2.5543591e+00   1.1674673e-01   1.4883253e+00  -2.5976442e+00  -3.5776124e-01   2.3080086e+00  -1.5153554e-01  -3.9024867e-01   1.4505958e+00   1.4857137e+00  -8.7221451e-01  -2.7706244e+00
  -1.8270536e+00   2.2631257e-01  -5.5650041e-01   9.9946436e-02   3.7094763e+00  -1.2213977e+00   2.9865006e+00  -2.9370064e+00  -1.0463785e+00   1.0819999e+00   1.6927139e-01  -1.3007067e+00   2.2642389e+00   1.0159703e+00  -2.5862468e+00  -2.1618524e+00
   1.3494213e+00  -1.8403595e+00   1.0134369e+00  -1.8709097e+00  -4.3100179e-01   3.1267399e-01  -7.6333675e-01  -3.0901402e-01   5.5390503e-01  -6.6068433e-01   2.4019408e+00  -6.8147119e-01  -3.5695420e+00   9.2586872e-01   5.4151228e-01  -4.0605566e-01
   1.6565343e+00  -1.1899264e+00  -2.5860882e-02  -1.5609082e+00   1.5635091e-01  -7.8957698e-01   2.5553273e-01   4.4710619e-01  -1.5091448e-01  -1.4235635e+00   1.3010030e+00  -9.3612288e-01  -1.1702896e+00  -2.5707549e-01  -5.8842292e-01   8.8984592e-01
  -4.5829094e-01  -8.4962755e-01   3.8665729e+00   1.7894606e+00  -2.7927144e+00   1.7360994e+00  -9.8669476e-01  -1.9647627e+00   9.5293441e-01  -3.5406347e-01  -5.8395231e-01   2.3619913e+00  -2.4856875e+00   7.5423701e-01   8.2977865e-01  -1.2677130e+00
  -4.1689262e-01   9.0759827e-01  -1.4536366e-01   1.0573193e+00  -1.1205410e+00   6.1012861e-01  -8.7128792e-01   9.0481812e-01   2.4387891e-01   4.0385477e-01  -1.2017775e+00   9.4294045e-01   7.0984244e-01  -4.8595785e-01   9.3615245e-01   4.7992983e-01
   1.6292779e+00  -1.5763711e+00   4.7969688e-01  -1.5643426e+00   7.7793023e-01  -1.2482318e+00   1.2147191e+00  -5.6582378e-01  -4.4138432e-01  -1.8290213e+00   1.4064186e+00  -1.1344430e+00  -9.4843595e-01  -1.2541313e-01  -1.6015574e+00   5.3520560e-01
  -1.2676917e+00   4.2022614e-01  -5.7605180e-01   1.4992561e-01   1.8239150e+00  -2.9117439e-01   1.1042358e+00  -1.2611118e+00  -3.7886483e-01   1.1170080e+00   4.5367999e-02  -5.8255736e-01   1.1141443e+00   6.7656811e-01  -7.8507794e-01  -1.2983596e+00
  -2.4646985e+00  -3.0277426e-01   2.2212748e+00   1.3745185e+00   1.5113155e+00   5.2671828e-01   1.7145982e+00  -4.3151356e+00  -8.1687062e-02   1.4241973e+00  -2.1661208e-02   5.0795493e-01  -1.0772560e-01   1.9402912e+00  -1.3165049e+00  -3.4985942e+00
  -3.6206528e+00   2.0554080e+00  -4.8579831e-01   2.1664926e+00   9.7836983e-01   1.4981976e+00  -2.5705886e-01  -1.4820378e+00   2.8101731e-01   3.6064964e+00  -1.3904323e+00   9.2147542e-01   1.6708115e+00   1.3782076e+00   1.1063094e+00  -2.7569297e+00
   7.9756215e-01   2.3113812e+00  -1.2694939e+00   2.3382451e+00  -3.0024133e+00  -1.2200541e-01  -1.2649341e+00   4.0215216e+00  -1.8325981e-01  -1.3179383e+00  -3.9334105e+00   1.9860379e+00   3.7781730e+00  -3.2535880e+00   9.4171092e-01   3.9819888e+00
  -9.2969167e-01   1.9766796e+00  -3.2942734e+00   1.8068558e-01   1.9813148e+00  -9.5736972e-01   7.3135652e-01   1.5694012e+00  -7.9944125e-01   1.2022918e+00  -1.1893561e+00  -9.6082224e-01   3.7652697e+00  -8.6915185e-01  -3.7650504e-01   7.9806448e-01
   1.0101962e+00  -1.4730799e+00   6.3257297e-01  -1.5969619e+00   1.2552967e-01  -4.0421252e-03  -2.2345372e-01  -4.5302062e-01   2.7681457e-01  -5.2777343e-01   1.9761349e+00  -7.8957230e-01  -2.5356673e+00   7.6296379e-01   6.5778929e-02  -4.1364064e-01
   1.5600296e-01  -2.4799767e-01   2.0197502e+00   1.1024549e+00  -2.7501567e+00   1.4346707e+00  -1.6548469e+00   1.1795212e-01   8.7556608e-01  -2.9362494e-01  -5.9052805e-01   1.7823112e+00  -1.7978733e+00   1.7275134e-02   1.4951908e+00   5.6210173e-02
  -3.9772218e+00   7.8518476e-02   2.9899125e+00   2.7965665e+00   3.2038101e+00  -2.3914823e-01   4.1403876e+00  -6.9069827e+00  -8.8631795e-01   1.5934119e+00  -1.2216924e+00   6.9166082e-01   2.2826734e+00   2.1614015e+00  -3.5812527e+00  -4.7988820e+00
   9.6634836e-01   1.4974236e-02   2.2577608e-01   2.3212240e-01  -1.5112326e+00   6.0128428e-02  -7.2863802e-01   1.2912349e+00   1.5316654e-01  -1.0170805e+00  -6.0584555e-01   6.1832276e-01  -7.8630769e-02  -9.3583344e-01   4.5897558e-01   1.4257840e+00
  -3.3983452e+00  -6.6393352e-01   3.0481884e+00   8.9773764e-01  -1.0907739e-02   3.1939798e+00  -1.3797681e+00  -4.3705655e+00   1.5522024e+00   3.8517154e+00   1.7661790e+00   1.1281030e+00  -4.4060378e+00   4.0563977e+00   2.1744845e+00  -5.6490641e+00
  -4.2493901e-02   2.9236297e+00  -6.7091370e+00  -1.1742421e+00   3.2560187e+00  -2.1817161e+00   7.3630174e-01   4.4070116e+00  -1.3965568e+00   1.1699593e+00  -1.1117304e+00  -2.5251921e+00   5.7893590e+00  -2.0837592e+00  -3.6139465e-01   2.8036704e+00
  -3.8670318e+00   2.5005462e+00   6.5465035e-01   3.6756568e+00  -8.0106752e-01   2.2158671e+00  -9.3081548e-01  -1.3252974e+00   5.9651648e-01   3.3598623e+00  -2.8066620e+00   2.4389169e+00   1.9098546e+00   8.8847509e-01   1.6934243e+00  -2.3911520e+00
   3.4561845e-01   4.9918042e-01   6.6591024e-02   7.3110959e-01  -1.4589528e+00   3.1665942e-01  -8.2309378e-01   1.2103317e+00   1.8941633e-01  -4.2437420e-01  -1.0427694e+00   8.6965323e-01   4.1683458e-01  -8.4066913e-01   6.9304667e-01   1.1137984e+00
   8.4470168e-01   1.0892911e-01  -3.4916083e+00  -2.4581302e+00   3.3098959e+00  -2.0795527e+00   1.5043282e+00   1.2904680e+00  -1.0595071e+00  -7.4691486e-02   1.4009536e+00  -2.8658371e+00   1.7753477e+00  -4.3127411e-01  -1.4335020e+00   9.6838563e-01
   5.0346611e-01  -7.1834738e-01  -1.3230917e+00  -1.9682170e+00   2.3474125e+00  -1.1459886e+00   1.1480593e+00  -3.2867715e-01  -5.1913062e-01  -2.5251560e-02   1.7931972e+00  -1.9952702e+00  -1.9042296e-01   5.0215667e-01  -1.1042298e+00  -3.2653676e-01
   1.4431483e+00  -2.3302942e+00   3.6180510e+00  -5.1054629e-01  -2.8544890e+00   1.3872572e+00  -1.5917148e+00  -1.0613410e+00   1.1765915e+00  -1.3897248e+00   1.6230801e+00   1.1465506e+00  -4.9935468e+00   9.3074798e-01   1.1449138e+00  -5.6094715e-01
  -9.3892186e-01  -5.0183580e-01   1.0226019e+00   9.2203596e-03   5.6016425e-01   5.9591276e-01   1.8108823e-01  -1.8380270e+00   2.6768990e-01   9.2527545e-01   8.2011430e-01  -4.8161852e-04  -1.2811059e+00   1.3396125e+00   2.8480896e-02  -1.8924663e+00
  -1.3977765e+00  -5.1679470e-01   4.6224555e-01   3.3335503e-01   4.9742935e+00  -2.8528444e+00   5.6470646e+00  -4.7988537e+00  -2.0394067e+00  -7.0764837e-01  -2.6396495e-01  -1.6632048e+00   3.8091176e+00   5.0385813e-01  -5.5424514e+00  -2.0033273e+00
  -4.2576340e+00   1.8186072e+00  -6.9791568e-01   1.9395525e+00   3.5734807e+00   1.7603964e-01   2.2228554e+00  -3.4982309e+00  -6.3650169e-01   3.5409653e+00  -1.1488060e+00  -1.7577990e-01   3.2533138e+00   1.7632138e+00  -1.2700654e+00  -3.7623685e+00
  -9.0236492e-01  -8.2641347e-01   1.1145160e+00  -2.2285413e-01   1.5208607e+00  -7.1112204e-02   1.2760467e+00  -2.6679566e+00  -1.3411201e-01   5.4419846e-01   1.0282631e+00  -4.8559418e-01  -8.1341892e-01   1.4052956e+00  -1.1057148e+00  -2.1252057e+00
   2.7749633e-01   1.3618292e-01   1.6859004e+00   1.2591071e+00  -3.6194847e+00   1.8963726e+00  -2.6347483e+00   1.1840313e+00   1.1702550e+00  -8.3478639e-02  -8.8031653e-01   2.1530952e+00  -1.9643895e+00  -2.5982397e-01   2.4825598e+00   5.7911759e-01
  -3.4123336e+00   5.2896307e-01  -4.8409019e-01   1.0744887e-01   3.4869708e+00   6.7438853e-01   1.1817292e+00  -3.4242115e+00  -4.6067984e-02   3.6880248e+00   1.1579655e+00  -1.0024570e+00   1.1650663e-01   2.8119996e+00  -2.6744899e-01  -4.3559075e+00
  -4.6118392e-01   1.6236878e+00  -2.3091679e+00   9.4799631e-01   2.6476737e+00  -2.5210510e+00   3.1664494e+00   2.4002794e-01  -1.7889288e+00  -7.7420543e-01  -2.3584249e+00  -8.6070618e-01   5.9019190e+00  -1.8778728e+00  -3.1548585e+00   1.5168858e+00
   1.3542820e+00   6.1455793e-01  -1.1400488e+00  -5.8113123e-01  -3.6878720e+00   1.9703279e+00  -4.4849926e+00   4.4888582e+00   1.4795218e+00   5.0691211e-01   2.1985278e-01   9.6784010e-01  -2.5626955e+00  -7.0808105e-01   4.3952626e+00   2.0961745e+00
   1.6059013e+00  -1.4691747e+00   2.7687849e-01  -1.6440338e+00   5.9958274e-01  -1.0276308e+00   8.0872224e-01  -2.3018678e-01  -2.9925757e-01  -1.5814763e+00   1.4939021e+00  -1.1140511e+00  -1.1775175e+00  -7.0403185e-02  -1.1562383e+00   5.5721161e-01
  -1.9250725e+00  -1.0422696e+00   3.5845044e+00   1.9241286e+00   2.3655579e+00  -1.0920681e+00   4.3789354e+00  -6.1652963e+00  -1.0734659e+00  -6.8347220e-01  -8.0444166e-01   4.6974303e-01   1.5621933e+00   1.1983228e+00  -4.3504438e+00  -3.1041192e+00
   3.6553639e+00  -1.3643045e+00   1.0810192e+00  -9.5905849e-01  -3.7604325e+00  -5.9446045e-02  -1.9455181e+00   3.0653565e+00   5.5258119e-01  -3.3960502e+00   2.1544581e-01   7.8406427e-01  -2.3621051e+00  -1.9150256e+00   1.0454083e+00   3.5859950e+00
   1.5254854e+00  -1.3495903e-01   1.1497827e-01  -2.6133006e-01  -2.6868175e+00   7.8763885e-01  -2.2539282e+00   2.4927881e+00   7.3505149e-01  -8.7268277e-01  -6.4305199e-02   8.0641204e-01  -1.5870718e+00  -8.8251128e-01   1.9406435e+00   1.8451852e+00
  -5.9995948e-01  -8.8994197e-01   3.2043000e+00   1.6007035e+00  -2.1879947e-01  -1.5537982e-01   1.8308874e+00  -3.3128602e+00  -2.7158299e-01  -1.1064956e+00  -8.4918747e-01   1.1808929e+00   7.9082401e-02   3.7701922e-01  -2.0205963e+00  -1.2961128e+00
   1.3754955e+00   4.2097124e-01  -1.8809543e+00  -1.1970687e+00  -1.5890460e+00   6.0415452e-01  -2.5840186e+00   3.6282619e+00   6.4846337e-01   1.0896935e-01   5.3686738e-01  -2.2986558e-01  -1.1410590e+00  -7.7606332e-01   2.4957508e+00   1.9696100e+00
   7.6539192e-01   8.1447669e-01  -1.6490864e+00  -1.2652589e-01  -3.3188039e-01  -5.4785118e-01  -3.8456115e-01   2.2449988e+00  -2.5909121e-01  -5.0183688e-01  -8.0040732e-01  -1.8665368e-01   1.5264633e+00  -1.3274871e+00   2.6937528e-01   1.9179166e+00
  -2.4452465e+00   3.8267843e-02   2.6220695e-01  -1.5181807e-04   2.0248416e+00   9.6722429e-01   3.5946538e-01  -2.7265267e+00   2.9186725e-01   2.7841843e+00   1.2330180e+00  -4.9414145e-01  -1.0199892e+00   2.4274525e+00   2.9666550e-01  -3.5396979e+00
   1.3483858e+00  -8.6326097e-01   3.3641786e+00   1.4742974e+00  -4.3120615e+00   1.2525218e+00  -1.7036686e+00   3.7453619e-01   9.0759392e-01  -2.0580414e+00  -1.1330510e+00   2.5700587e+00  -2.1960016e+00  -8.4008000e-01   1.1222024e+00   1.2520208e+00
  -7.6791895e-01   2.2182062e+00  -4.3055918e+00  -2.4243875e-01   2.6917745e+00  -1.4725897e+00   1.0488642e+00   2.1160375e+00  -1.0859466e+00   1.2016477e+00  -1.1250650e+00  -1.5565592e+00   4.5400599e+00  -1.1546297e+00  -6.7114776e-01   1.2270567e+00
  -3.2644190e-01   5.1296034e-02   9.8222973e-01   8.4431075e-01  -7.9168019e-01   4.5398613e-01  -1.7479332e-01  -4.9598032e-01   1.8924082e-01  -3.4206646e-02  -5.8957489e-01   8.2541001e-01  -1.3714173e-01   3.7949579e-02   1.5567518e-01  -2.6159096e-01
   1.2512102e+00  -5.7481228e-01  -1.0334768e+00  -1.6756194e+00   1.8938018e-01  -3.5107667e-01  -5.5892171e-01   1.3150372e+00   7.1074072e-02  -4.3267170e-01   1.3489853e+00  -1.0538102e+00  -1.1111964e+00  -1.1616948e-01   4.2682656e-01   8.3191244e-01
  -3.0792051e-01  -8.8130672e-01   1.8511165e+00   8.7714895e-02  -8.4632758e-01   1.0749322e+00  -6.8209592e-01  -1.3839111e+00   6.6488933e-01   3.5234391e-01   8.3893882e-01   6.1468031e-01  -2.4252457e+00   1.1568162e+00   7.0890738e-01  -1.4201144e+00
   1.6507778e+00   4.8892000e-01  -4.0373396e+00  -2.6162520e+00   1.1830758e+00  -1.0924873e+00  -8.4273629e-01   3.7801071e+00  -3.1181670e-01   2.7090345e-03   1.2898357e+00  -2.2237504e+00   6.2005343e-01  -1.0018905e+00   8.2424078e-01   2.3019248e+00
   2.1665355e+00  -5.6170714e-01  -3.3905726e+00  -3.9512725e+00  -4.6185299e-02   3.7751639e-01  -3.0575649e+00   4.1821798e+00   8.2082705e-01   7.3100700e-01   3.3830467e+00  -2.2869350e+00  -3.3466217e+00   2.7889533e-01   3.0786298e+00   1.4690920e+00
  -1.9400124e+00  -9.7947773e-02   1.8643170e+00   1.4176186e+00   1.0107353e+00   3.2672267e-01   1.4898592e+00  -3.3648587e+00  -1.4717040e-01   9.0556541e-01  -4.4671868e-01   6.2768879e-01   3.5860812e-01   1.2635427e+00  -1.2172601e+00  -2.5210857e+00
   1.7957732e+00  -6.8704397e-01   3.2181857e+00   1.1137658e+00  -6.9858959e+00   3.2511970e+00  -5.1808235e+00   2.7277153e+00   2.2773242e+00  -1.0734431e+00  -5.0543770e-01   3.4354184e+00  -5.0657891e+00  -5.5102359e-01   4.6581339e+00   1.6928134e+00
   1.7648105e+00  -1.0731004e+00   3.6913531e-01  -1.2339989e+00  -1.2326692e+00   3.5791329e-02  -9.9668016e-01   1.1571848e+00   3.7065937e-01  -1.2627643e+00   1.1046338e+00  -2.0300260e-01  -2.0664992e+00  -3.0267948e-01   6.3973853e-01   1.1255569e+00
  -3.0812836e+00  -6.6950461e-01   3.7380666e+00   2.0558394e+00   1.1838861e+00   1.0542276e+00   1.8875233e+00  -5.8371607e+00   1.3624872e-01   1.6053396e+00  -7.8751711e-02   1.1669536e+00  -8.5699447e-01   2.6001024e+00  -1.4506305e+00  -4.6282775e+00
   3.0430520e+00   3.5312305e-01  -3.2199388e+00  -2.3588494e+00  -2.2762274e+00   1.4516520e-01  -3.4790617e+00   6.1097193e+00   6.5961904e-01  -8.7890517e-01   9.0231244e-01  -7.9161189e-01  -1.3385359e+00  -1.8437948e+00   3.1239599e+00   4.0263559e+00
  -2.2511785e-01  -1.0514147e+00   1.6498089e+00  -2.6025594e-01  -2.5443644e-01   7.3338219e-01  -2.4213608e-01  -1.6139982e+00   4.8366890e-01   2.5901636e-01   1.1441180e+00   1.9403961e-01  -2.3090592e+00   1.2346612e+00   2.6712402e-01  -1.5098175e+00
   1.1975406e-01  -4.2298060e-01  -1.2965333e+00  -1.2957892e+00   3.3026386e+00  -2.0135227e+00   2.7049070e+00  -1.2010429e+00  -1.1831076e+00  -4.6049706e-01   8.8589959e-01  -2.0480366e+00   1.7430327e+00   7.8280893e-02  -2.6800368e+00  -2.9297582e-01
  -2.4475788e+00   3.3380937e-01  -4.8243594e-02   7.1719659e-01   4.0615982e+00  -1.2643984e+00   3.6336489e+00  -3.9366298e+00  -1.2029048e+00   1.2461512e+00  -2.5238506e-01  -1.0512335e+00   2.8220758e+00   1.2116022e+00  -3.1641188e+00  -2.7716625e+00
   9.3158130e-01  -1.2393527e+00  -1.2184025e+00  -2.7247403e+00   2.0489210e+00  -8.0569308e-01   4.5659615e-01  -8.4335174e-02  -1.7817954e-01   3.9174561e-02   2.7449148e+00  -2.2376418e+00  -1.6736696e+00   9.0167390e-01  -4.4051716e-01  -4.6726917e-01
  -6.3530226e-01   3.6934968e-01  -1.6664412e-01   2.3533979e-01  -1.1095493e-01   5.9892863e-01  -5.8788395e-01   3.5151075e-02   2.7569289e-01   9.1720908e-01  -1.4659599e-02   2.0671093e-01  -2.4386048e-01   4.0597610e-01   7.7597379e-01  -5.5703299e-01
   2.8611373e+00   1.2688998e+00  -1.3785556e+00   5.4822579e-01  -5.0106855e+00   6.1445490e-01  -3.7059859e+00   6.3565642e+00   7.1703689e-01  -2.0765234e+00  -2.2316386e+00   1.7752776e+00   4.4514656e-01  -3.3754497e+00   3.0728960e+00   5.3247051e+00
   1.2219988e+00  -9.7557705e-01   3.2430169e+00   1.4074975e+00  -3.0787825e+00   4.0293900e-01  -3.1933409e-01  -4.9578991e-01   3.4996334e-01  -2.3975228e+00  -1.1909227e+00   2.0420475e+00  -1.1323183e+00  -9.0034721e-01  -2.7351108e-01   1.0632055e+00
   2.9757022e+00  -7.1894614e-01  -1.3224780e+00  -1.9480833e+00  -1.0281687e+00  -1.0167799e+00  -8.4427500e-01   3.1724652e+00  -1.0280519e-01  -2.2517946e+00   8.1473384e-01  -9.1796546e-01  -6.7750202e-01  -1.6295852e+00   2.7953580e-01   3.1436768e+00
  -6.2458635e-01  -1.3472622e+00   1.9879763e+00  -8.3029518e-01  -1.2675189e+00   2.4404819e+00  -2.4103494e+00  -1.3598945e+00   1.5758554e+00   1.7862241e+00   2.5021638e+00   4.4943621e-01  -5.2853327e+00   2.5710546e+00   2.6735678e+00  -2.7362142e+00
  -9.9089289e-01   1.3614895e+00  -2.8061174e+00  -2.2299178e-01   2.7855013e+00  -1.2425218e+00   1.4918283e+00   4.0417813e-01  -9.5001583e-01   1.0908753e+00  -5.0399335e-01  -1.4014449e+00   3.2968750e+00  -3.3094043e-01  -1.1367626e+00   4.8747112e-02
   2.3377747e+00  -2.1969849e+00   1.1687568e+00  -2.0696559e+00  -7.1238855e-01  -3.6762387e-01  -3.1275697e-01   1.0029868e-01   2.7071556e-01  -1.9661128e+00   2.2090360e+00  -7.5774714e-01  -3.2230638e+00   1.6056283e-01  -1.9272429e-01   6.8105248e-01
   2.9956692e+00  -3.0027285e-01  -1.3008219e+00  -1.2269287e+00  -1.3046888e+00  -1.3291957e+00  -4.6095784e-01   3.4014892e+00  -3.6045618e-01  -2.7402709e+00  -2.1726779e-01  -4.9868479e-01   5.7837719e-01  -2.3302446e+00  -1.9051134e-01   3.8031087e+00
